[80602.359224] [Project1] 26305 1588164546.312516040 1588164547.200357495
[80604.106109] [Project1] 26306 1588164548.057767557 1588164548.947142112
[80605.847673] [Project1] 26307 1588164549.823136888 1588164550.688606088
[80607.400048] [Project1] 26308 1588164551.465633007 1588164552.240893164
[80609.210057] [Project1] 26309 1588164553.171441455 1588164554.050798244
[80610.835653] [Project1] 26310 1588164554.927226734 1588164555.676301967
[80612.681377] [Project1] 26311 1588164556.676580975 1588164557.521919809
[80614.268363] [Project1] 26312 1588164558.304978251 1588164559.108815100
[80616.174918] [Project1] 26313 1588164560.106595261 1588164561.015260782
[80617.945514] [Project1] 26314 1588164561.925266328 1588164562.785755840
